%YAML:1.0
R: !!opencv-matrix
   rows: 3
   cols: 3
   dt: d
   data: [ 9.9999833790602122e-001, 1.6605524977312972e-003,
       -7.5282839828082519e-004, -1.6590610402023747e-003,
       9.9999666859173453e-001, 1.9774533869328587e-003,
       7.5610955546292124e-004, -1.9762011119539352e-003,
       9.9999776146124708e-001 ]
T: !!opencv-matrix
   rows: 3
   cols: 1
   dt: d
   data: [ -6.0072921676574133e+001, 2.6969848703171551e-001,
       -6.5222371380808808e-001 ]
R1: !!opencv-matrix
   rows: 3
   cols: 3
   dt: d
   data: [ 9.9994498442045276e-001, -2.8502102462629143e-003,
       1.0094772604301281e-002, 2.8401941468298377e-003,
       9.9999546021424357e-001, 1.0064035530490522e-003,
       -1.0097595237915218e-002, -9.7767707111002600e-004,
       9.9994854003491396e-001 ]
R2: !!opencv-matrix
   rows: 3
   cols: 3
   dt: d
   data: [ 9.9993098986268081e-001, -4.4892085747764970e-003,
       1.0856450553080111e-002, 4.4999767361706827e-003,
       9.9998940688176097e-001, -9.6764334232262187e-004,
       -1.0851991596626113e-002, 1.0164303400489222e-003,
       9.9994059880962460e-001 ]
P1: !!opencv-matrix
   rows: 3
   cols: 4
   dt: d
   data: [ 7.3163680597951986e+002, 0., 3.7373900222778320e+002, 0., 0.,
       7.3163680597951986e+002, 2.3018649291992187e+002, 0., 0., 0., 1.,
       0. ]
P2: !!opencv-matrix
   rows: 3
   cols: 4
   dt: d
   data: [ 7.3163680597951986e+002, 0., 3.7373900222778320e+002,
       -4.3954593853864222e+004, 0., 7.3163680597951986e+002,
       2.3018649291992187e+002, 0., 0., 0., 1., 0. ]
Q: !!opencv-matrix
   rows: 4
   cols: 4
   dt: d
   data: [ 1., 0., 0., -3.7373900222778320e+002, 0., 1., 0.,
       -2.3018649291992187e+002, 0., 0., 0., 7.3163680597951986e+002, 0.,
       0., 1.6645286461114663e-002, 0. ]
