%YAML:1.0
M1: !!opencv-matrix
   rows: 3
   cols: 3
   dt: d
   data: [ 7.0985659636041419e+002, 0., 3.7635366902020019e+002, 0.,
       7.0985659636041419e+002, 2.2936581275179316e+002, 0., 0., 1. ]
D1: !!opencv-matrix
   rows: 1
   cols: 14
   dt: d
   data: [ 7.5189237421963873e-002, -1.2212218139978664e-001,
       -1.4008439543033662e-004, 2.0549201417520840e-003, 0., 0., 0., 0.,
       0., 0., 0., 0., 0., 0. ]
M2: !!opencv-matrix
   rows: 3
   cols: 3
   dt: d
   data: [ 7.0985659636041419e+002, 0., 3.8886026450349908e+002, 0.,
       7.0985659636041419e+002, 2.3095200982373743e+002, 0., 0., 1. ]
D2: !!opencv-matrix
   rows: 1
   cols: 14
   dt: d
   data: [ 7.3487123448601935e-002, -1.1257269447110520e-001,
       -1.1537206520235603e-004, -2.5206721857408794e-004, 0., 0., 0.,
       0., 0., 0., 0., 0., 0., 0. ]
